,2025 2024
D. Juan López-Belmonte Encina D. Javier López-Belmonte Encina D. Iván López-Belmonte Encina Dña. Marina del Corral Téllez Dña. Teresa Corzo Santamaría D. Marcos Peña Pinto Dña. Fátima Báñez García,180 180 80 80 80 80 80 80 80 80 80 80
,80 80
,660 660
